WorkbookID,SheetID,RowID,Process,Commodity,Year,Scenario,Indicator,SATIMGE,Sector,Subsector,Subsubsector,TechDescription,IPCC_Category_L1,IPCC_Category_L2,IPCC_Category_L3,IPCC_Category_L4,Description,Short Description,Commodity_Name,TargetUnit
1,12,25,,,,,,,,,,,,,,,,,,
1,12,26,*,*,"[2010, 2020, 2030, 2040, 2050]",Reference,FlowOut,*,*,Iron_Steel351,*,*,*,*,*,*,*,Iron and Steel,*,*
1,12,27,*,*,"[2010, 2020, 2030, 2040, 2050]",Reference,FlowOut,*,*,*,*,*,*,*,*,*,*,Steel Scrap,*,*
1,12,28,*,*,"[2010, 2020, 2030, 2040, 2050]",Reference,FlowOut,*,*,"['Chemicals33', 'Iron_Steel351', 'NMMProducts34','FerroAlloys', 'Pulp_Paper323', 'Aluminium35220']",*,*,*,*,*,*,*,Cement,*,*
1,12,29,*,*,"[2010, 2020, 2030, 2040, 2050]",Reference,FlowOut,*,*,"['Chemicals33', 'Iron_Steel351', 'NMMProducts34','FerroAlloys', 'Pulp_Paper323', 'Aluminium35220']",*,*,*,*,*,*,Cement sector clinker substitute  ,*,*,*
1,12,30,*,*,"[2010, 2020, 2030, 2040, 2050]",Reference,FlowOut,*,*,"['Chemicals33', 'Iron_Steel351', 'NMMProducts34','FerroAlloys', 'Pulp_Paper323', 'Aluminium35220']",*,*,*,*,*,*,*,PlasticsChemicals,*,*
1,12,31,,,,,,,,,,,,,,,,,,
1,12,32,*,*,"[2010, 2020, 2030, 2040, 2050]",Reference,FlowOut,*,*,"['Chemicals33', 'Iron_Steel351', 'NMMProducts34','FerroAlloys', 'Pulp_Paper323', 'Aluminium35220']",*,*,*,*,*,*,*,Aluminium,*,*
1,12,33,,,,,,,,,,,,,,,,,,
1,12,34,*,*,"[2010, 2020, 2030, 2040, 2050]",Reference,FlowOut,*,*,*,*,*,*,*,*,*,"['Industry - Pulp and paper', 'FerroChrome Metal', 'FerroManganese Metal', 'Industry Ferro Alloy Metals production' , 'Industry - Non-metallic minerals - Bricks and cera', 'Industry - Non-metallic Minerals - Brick and ceram', 'Industry - Non-metallic minerals - Lime', 'Industry - Non-metallic Minerals - Glass - Thermal']",*,*,*
1,12,35,,,,,,,,,,,,,,,,,,
1,12,36,,,,,,,,,,,,,,,,,,
1,12,37,,,,,,,,,,,,,,,,,,
1,12,38,*,*,"[2010, 2020, 2030, 2040, 2050]",Reference,GVA,*,*,Iron_Steel351,*,*,*,*,*,*,*,*,*,USD
1,12,39,*,*,"[2010, 2020, 2030, 2040, 2050]",Reference,GVA,*,*,*,Cement,*,*,*,*,*,*,*,*,USD
1,12,40,*,*,"[2010, 2020, 2030, 2040, 2050]",Reference,GVA,*,*,"['Chemicals33', 'AutoGen-Chemical']",*,*,*,*,*,*,*,*,*,USD
1,12,41,*,*,"[2010, 2020, 2030, 2040, 2050]",Reference,GVA,*,*,*,Aluminium35220,*,*,*,*,*,*,*,*,USD
1,12,42,*,*,"[2010, 2020, 2030, 2040, 2050]",Reference,GVA,*,*,"['NMMProducts34','FerroAlloys', 'Pulp_Paper323']","[Bricks', 'Glass', Lime', 'FerroChrome', ';FerroManganese', 'Other', 'Chemical Pulping', 'Dissolving Pulping', 'Boiler Plant', 'Paper Mill']",*,*,*,*,*,*,*,*,USD
1,12,43,,,,,,,,,,,,,,,,,,
1,12,44,,,,,,,,,,,,,,,,,,
1,12,45,*,*,"[2010, 2020, 2030, 2040, 2050]",Reference,FlowOut,*,*,"['Chemicals33', 'Iron_Steel351', 'NMMProducts34','FerroAlloys', 'Pulp_Paper323', 'Aluminium35220']",*,*,*,*,*,*,*,Construction,*,USD
1,12,46,*,*,"[2010, 2020, 2030, 2040, 2050]",Reference,FlowOut,*,*,"['Chemicals33', 'Iron_Steel351', 'NMMProducts34','FerroAlloys', 'Pulp_Paper323', 'Aluminium35220']",*,*,*,*,*,*,*,Sq m2 build,*,*
1,12,47,*,*,"[2010, 2020, 2030, 2040, 2050]",Reference,FlowOut,*,*,"['Chemicals33', 'Iron_Steel351', 'NMMProducts34','FerroAlloys', 'Pulp_Paper323', 'Aluminium35220']",*,*,*,*,*,*,*,Cem quality concrete,*,*
1,12,48,*,*,"[2010, 2020, 2030, 2040, 2050]",Reference,FlowOut,*,*,*,*,*,*,*,*,*,*,Clinker (Cement),*,*
1,12,49,*,*,"[2010, 2020, 2030, 2040, 2050]",Reference,FlowOut,*,*,"['Chemicals33', 'Iron_Steel351', 'NMMProducts34','FerroAlloys', 'Pulp_Paper323', 'Aluminium35220']",*,*,*,*,*,*,*,Beauxite,*,*
1,12,50,,,,,,,,,,,,,,,,,,
1,12,51,,,,,,,,,,,,,,,,,,
1,12,52,,,,,,,,,,,,,,,,,,
1,12,53,*,*,"[2010, 2020, 2030, 2040, 2050]",Reference,FlowIn,*,*,Iron_Steel351,*,*,*,*,*,*,*,Coal,*,EJ
1,12,54,*,*,"[2010, 2020, 2030, 2040, 2050]",Reference,FlowIn,*,*,Iron_Steel351,*,*,*,*,*,*,*,Anthracite,*,EJ
1,12,55,*,*,"[2010, 2020, 2030, 2040, 2050]",Reference,FlowIn,*,*,Iron_Steel351,*,*,*,*,*,*,*,Lignite,*,EJ
1,12,56,*,*,"[2010, 2020, 2030, 2040, 2050]",Reference,FlowIn,*,*,Iron_Steel351,*,*,*,*,*,*,*,Coke ,*,EJ
1,12,57,*,*,"[2010, 2020, 2030, 2040, 2050]",Reference,FlowIn,*,*,Iron_Steel351,*,*,*,*,*,*,*,Petroleum coke,*,EJ
1,12,58,*,*,"[2010, 2020, 2030, 2040, 2050]",Reference,FlowIn,*,*,Iron_Steel351,*,*,*,*,*,*,*,Kerosene,*,EJ
1,12,59,*,*,"[2010, 2020, 2030, 2040, 2050]",Reference,FlowIn,*,*,Iron_Steel351,*,*,*,*,*,*,*,Diesel,*,EJ
1,12,60,*,*,"[2010, 2020, 2030, 2040, 2050]",Reference,FlowIn,*,*,Iron_Steel351,*,*,*,*,*,*,*,Oil,*,EJ
1,12,61,*,*,"[2010, 2020, 2030, 2040, 2050]",Reference,FlowIn,*,*,Iron_Steel351,*,*,*,*,*,*,*,LPG,*,EJ
1,12,62,*,*,"[2010, 2020, 2030, 2040, 2050]",Reference,FlowIn,*,*,Iron_Steel351,*,*,*,*,*,*,*,Natural Gas Liquids,*,EJ
1,12,63,*,*,"[2010, 2020, 2030, 2040, 2050]",Reference,FlowIn,*,*,Iron_Steel351,*,*,*,*,*,*,*,Crude oil or Naptha,*,EJ
1,12,64,*,*,"[2010, 2020, 2030, 2040, 2050]",Reference,FlowIn,*,*,Iron_Steel351,*,*,*,*,*,*,*,Gas ,*,EJ
1,12,65,*,*,"[2010, 2020, 2030, 2040, 2050]",Reference,FlowIn,*,*,Iron_Steel351,*,*,*,*,*,*,*,"['Biowood', 'Biomass']",*,EJ
1,12,66,*,*,"[2010, 2020, 2030, 2040, 2050]",Reference,FlowIn,*,*,Iron_Steel351,*,*,*,*,*,*,*,Waste,*,EJ
1,12,67,*,*,"[2010, 2020, 2030, 2040, 2050]",Reference,FlowIn,*,*,Iron_Steel351,*,*,*,*,*,*,*,Hydrogen,*,EJ
1,12,68,*,*,"[2010, 2020, 2030, 2040, 2050]",Reference,FlowIn,*,*,Iron_Steel351,*,*,*,*,*,*,*,Electricity,*,EJ
1,12,69,*,*,"[2010, 2020, 2030, 2040, 2050]",Reference,FlowIn,*,*,Iron_Steel351,*,*,*,*,*,*,*,Others,*,EJ
1,12,70,,,,,,,,,,,,,,,,,,
1,12,71,,,,,,,,,,,,,,,,,,
1,12,72,*,*,"[2010, 2020, 2030, 2040, 2050]",Reference,CO2,*,*,Iron_Steel351,*,*,*,1A Fuel Combustion Activities,*,*,*,Coal,*,Mt
1,12,73,*,*,"[2010, 2020, 2030, 2040, 2050]",Reference,CO2,*,*,Iron_Steel351,*,*,*,1A Fuel Combustion Activities,*,*,*,Anthracite,*,Mt
1,12,74,*,*,"[2010, 2020, 2030, 2040, 2050]",Reference,CO2,*,*,Iron_Steel351,*,*,*,1A Fuel Combustion Activities,*,*,*,Lignite,*,Mt
1,12,75,*,*,"[2010, 2020, 2030, 2040, 2050]",Reference,CO2,*,*,Iron_Steel351,*,*,*,1A Fuel Combustion Activities,*,*,*,Coke ,*,Mt
1,12,76,*,*,"[2010, 2020, 2030, 2040, 2050]",Reference,CO2,*,*,Iron_Steel351,*,*,*,1A Fuel Combustion Activities,*,*,*,Petroleum coke,*,Mt
1,12,77,*,*,"[2010, 2020, 2030, 2040, 2050]",Reference,CO2,*,*,Iron_Steel351,*,*,*,1A Fuel Combustion Activities,*,*,*,Kerosene,*,Mt
1,12,78,*,*,"[2010, 2020, 2030, 2040, 2050]",Reference,CO2,*,*,Iron_Steel351,*,*,*,1A Fuel Combustion Activities,*,*,*,Diesel,*,Mt
1,12,79,*,*,"[2010, 2020, 2030, 2040, 2050]",Reference,CO2,*,*,Iron_Steel351,*,*,*,1A Fuel Combustion Activities,*,*,*,Oil,*,Mt
1,12,80,*,*,"[2010, 2020, 2030, 2040, 2050]",Reference,CO2,*,*,Iron_Steel351,*,*,*,1A Fuel Combustion Activities,*,*,*,LPG,*,Mt
1,12,81,*,*,"[2010, 2020, 2030, 2040, 2050]",Reference,CO2,*,*,Iron_Steel351,*,*,*,1A Fuel Combustion Activities,*,*,*,Natural Gas Liquids,*,Mt
1,12,82,*,*,"[2010, 2020, 2030, 2040, 2050]",Reference,CO2,*,*,Iron_Steel351,*,*,*,1A Fuel Combustion Activities,*,*,*,Crude oil or Naptha,*,Mt
1,12,83,*,*,"[2010, 2020, 2030, 2040, 2050]",Reference,CO2,*,*,Iron_Steel351,*,*,*,1A Fuel Combustion Activities,*,*,*,Gas ,*,Mt
1,12,84,*,*,"[2010, 2020, 2030, 2040, 2050]",Reference,CO2,*,*,Iron_Steel351,*,*,*,1A Fuel Combustion Activities,*,*,*,"['Biowood', 'Biomass']",*,Mt
1,12,85,*,*,"[2010, 2020, 2030, 2040, 2050]",Reference,CO2,*,*,Iron_Steel351,*,*,*,1A Fuel Combustion Activities,*,*,*,Waste,*,Mt
1,12,86,*,*,"[2010, 2020, 2030, 2040, 2050]",Reference,CO2,*,*,Iron_Steel351,*,*,*,1A Fuel Combustion Activities,*,*,*,Hydrogen,*,Mt
1,12,87,*,*,"[2010, 2020, 2030, 2040, 2050]",Reference,CO2,*,*,Iron_Steel351,*,*,*,1A Fuel Combustion Activities,*,*,*,Electricity,*,Mt
1,12,88,*,*,"[2010, 2020, 2030, 2040, 2050]",Reference,CO2,*,*,Iron_Steel351,*,*,*,1A Fuel Combustion Activities,*,*,*,Others,*,Mt
1,12,89,*,*,"[2010, 2020, 2030, 2040, 2050]",Reference,CO2,*,*,Iron_Steel351,*,*,*,1A Fuel Combustion Activities,*,*,*,*,*,Mt
1,12,90,,,,,,,,,,,,,,,,,,
1,12,91,,,,,,,,,,,,,,,,,,
1,12,92,,,,,,,,,,,,,,,,,,
1,12,93,*,"['INMCLCOA', 'INMCOA']","[2010, 2020, 2030, 2040, 2050]",Reference,FlowIn,*,*,*,Cement,*,*,*,*,*,*,*,*,EJ
1,12,94,*,*,"[2010, 2020, 2030, 2040, 2050]",Reference,FlowIn,*,*,*,Cement,*,*,*,*,*,*,Anthracite,*,EJ
1,12,95,*,*,"[2010, 2020, 2030, 2040, 2050]",Reference,FlowIn,*,*,*,Cement,*,*,*,*,*,*,Lignite,*,EJ
1,12,96,*,*,"[2010, 2020, 2030, 2040, 2050]",Reference,FlowIn,*,*,*,Cement,*,*,*,*,*,*,Coke ,*,EJ
1,12,97,*,*,"[2010, 2020, 2030, 2040, 2050]",Reference,FlowIn,*,*,*,Cement,*,*,*,*,*,*,Petroleum coke,*,EJ
1,12,98,*,*,"[2010, 2020, 2030, 2040, 2050]",Reference,FlowIn,*,*,*,Cement,*,*,*,*,*,*,Kerosene,*,EJ
1,12,99,*,*,"[2010, 2020, 2030, 2040, 2050]",Reference,FlowIn,*,*,*,Cement,*,*,*,*,*,*,Diesel,*,EJ
1,12,100,*,*,"[2010, 2020, 2030, 2040, 2050]",Reference,FlowIn,*,*,*,Cement,*,*,*,*,*,*,Oil,*,EJ
1,12,101,*,*,"[2010, 2020, 2030, 2040, 2050]",Reference,FlowIn,*,*,*,Cement,*,*,*,*,*,*,*,*,EJ
1,12,102,*,*,"[2010, 2020, 2030, 2040, 2050]",Reference,FlowIn,*,*,*,Cement,*,*,*,*,*,*,Natural Gas Liquids,*,EJ
1,12,103,*,*,"[2010, 2020, 2030, 2040, 2050]",Reference,FlowIn,*,*,*,Cement,*,*,*,*,*,*,Crude oil or Naptha,*,EJ
1,12,104,*,*,"[2010, 2020, 2030, 2040, 2050]",Reference,FlowIn,*,*,*,Cement,*,*,*,*,*,*,Gas ,*,EJ
1,12,105,*,*,"[2010, 2020, 2030, 2040, 2050]",Reference,FlowIn,*,*,*,Cement,*,*,*,*,*,*,"['Biowood', 'Biomass']",*,EJ
1,12,106,*,*,"[2010, 2020, 2030, 2040, 2050]",Reference,FlowIn,*,*,*,Cement,*,*,*,*,*,*,Waste,*,EJ
1,12,107,*,*,"[2010, 2020, 2030, 2040, 2050]",Reference,FlowIn,*,*,*,Cement,*,*,*,*,*,*,Hydrogen,*,EJ
1,12,108,*,*,"[2010, 2020, 2030, 2040, 2050]",Reference,FlowIn,*,*,*,Cement,*,*,*,*,*,*,Electricity,*,EJ
1,12,109,*,*,"[2010, 2020, 2030, 2040, 2050]",Reference,FlowIn,*,*,*,Cement,*,*,*,*,*,*,Others,*,EJ
1,12,110,,,,,,,,,,,,,,,,,,
1,12,111,,,,,,,,,,,,,,,,,,
1,12,112,*,*,"[2010, 2020, 2030, 2040, 2050]",Reference,CO2,*,*,*,Cement,*,*,1A Fuel Combustion Activities,*,*,*,Coal,*,Mt
1,12,113,*,*,"[2010, 2020, 2030, 2040, 2050]",Reference,CO2,*,*,*,Cement,*,*,1A Fuel Combustion Activities,*,*,*,Anthracite,*,Mt
1,12,114,*,*,"[2010, 2020, 2030, 2040, 2050]",Reference,CO2,*,*,*,Cement,*,*,1A Fuel Combustion Activities,*,*,*,Lignite,*,Mt
1,12,115,*,*,"[2010, 2020, 2030, 2040, 2050]",Reference,CO2,*,*,*,Cement,*,*,1A Fuel Combustion Activities,*,*,*,Coke ,*,Mt
1,12,116,*,*,"[2010, 2020, 2030, 2040, 2050]",Reference,CO2,*,*,*,Cement,*,*,1A Fuel Combustion Activities,*,*,*,Petroleum coke,*,Mt
1,12,117,*,*,"[2010, 2020, 2030, 2040, 2050]",Reference,CO2,*,*,*,Cement,*,*,1A Fuel Combustion Activities,*,*,*,Kerosene,*,Mt
1,12,118,*,*,"[2010, 2020, 2030, 2040, 2050]",Reference,CO2,*,*,*,Cement,*,*,1A Fuel Combustion Activities,*,*,*,Diesel,*,Mt
1,12,119,*,*,"[2010, 2020, 2030, 2040, 2050]",Reference,CO2,*,*,*,Cement,*,*,1A Fuel Combustion Activities,*,*,*,Oil,*,Mt
1,12,120,*,*,"[2010, 2020, 2030, 2040, 2050]",Reference,CO2,*,*,*,Cement,*,*,1A Fuel Combustion Activities,*,*,*,LPG,*,Mt
1,12,121,*,*,"[2010, 2020, 2030, 2040, 2050]",Reference,CO2,*,*,*,Cement,*,*,1A Fuel Combustion Activities,*,*,*,Natural Gas Liquids,*,Mt
1,12,122,*,*,"[2010, 2020, 2030, 2040, 2050]",Reference,CO2,*,*,*,Cement,*,*,1A Fuel Combustion Activities,*,*,*,Crude oil or Naptha,*,Mt
1,12,123,*,*,"[2010, 2020, 2030, 2040, 2050]",Reference,CO2,*,*,*,Cement,*,*,1A Fuel Combustion Activities,*,*,*,Gas ,*,Mt
1,12,124,*,*,"[2010, 2020, 2030, 2040, 2050]",Reference,CO2,*,*,*,Cement,*,*,1A Fuel Combustion Activities,*,*,*,"['Biowood', 'Biomass']",*,Mt
1,12,125,*,*,"[2010, 2020, 2030, 2040, 2050]",Reference,CO2,*,*,*,Cement,*,*,1A Fuel Combustion Activities,*,*,*,Waste,*,Mt
1,12,126,*,*,"[2010, 2020, 2030, 2040, 2050]",Reference,CO2,*,*,*,Cement,*,*,1A Fuel Combustion Activities,*,*,*,Hydrogen,*,Mt
1,12,127,*,*,"[2010, 2020, 2030, 2040, 2050]",Reference,CO2,*,*,*,Cement,*,*,1A Fuel Combustion Activities,*,*,*,Electricity,*,Mt
1,12,128,*,*,"[2010, 2020, 2030, 2040, 2050]",Reference,CO2,*,*,*,Cement,*,*,1A Fuel Combustion Activities,*,*,*,Others,*,Mt
1,12,129,,,,,,,,,,,,,,,,,,
1,12,130,,,,,,,,,,,,,,,,,,
1,12,131,,,,,,,,,,,,,,,,,,
1,12,132,,,,,,,,,,,,,,,,,,
1,12,133,*,*,"[2010, 2020, 2030, 2040, 2050]",Reference,FlowIn,*,*,"['Chemicals33', 'AutoGen-Chemical']",*,*,*,*,*,*,*,Coal,*,EJ
1,12,134,*,*,"[2010, 2020, 2030, 2040, 2050]",Reference,FlowIn,*,*,"['Chemicals33', 'AutoGen-Chemical']",*,*,*,*,*,*,*,Anthracite,*,EJ
1,12,135,*,*,"[2010, 2020, 2030, 2040, 2050]",Reference,FlowIn,*,*,"['Chemicals33', 'AutoGen-Chemical']",*,*,*,*,*,*,*,Lignite,*,EJ
1,12,136,*,*,"[2010, 2020, 2030, 2040, 2050]",Reference,FlowIn,*,*,"['Chemicals33', 'AutoGen-Chemical']",*,*,*,*,*,*,*,Coke ,*,EJ
1,12,137,*,*,"[2010, 2020, 2030, 2040, 2050]",Reference,FlowIn,*,*,"['Chemicals33', 'AutoGen-Chemical']",*,*,*,*,*,*,*,Petroleum coke,*,EJ
1,12,138,*,*,"[2010, 2020, 2030, 2040, 2050]",Reference,FlowIn,*,*,"['Chemicals33', 'AutoGen-Chemical']",*,*,*,*,*,*,*,Kerosene,*,EJ
1,12,139,*,*,"[2010, 2020, 2030, 2040, 2050]",Reference,FlowIn,*,*,"['Chemicals33', 'AutoGen-Chemical']",*,*,*,*,*,*,*,Diesel,*,EJ
1,12,140,*,*,"[2010, 2020, 2030, 2040, 2050]",Reference,FlowIn,*,*,"['Chemicals33', 'AutoGen-Chemical']",*,*,*,*,*,*,*,HFO,*,EJ
1,12,141,*,*,"[2010, 2020, 2030, 2040, 2050]",Reference,FlowIn,*,*,"['Chemicals33', 'AutoGen-Chemical']",*,*,*,*,*,*,*,LPG,*,EJ
1,12,142,*,*,"[2010, 2020, 2030, 2040, 2050]",Reference,FlowIn,*,*,"['Chemicals33', 'AutoGen-Chemical']",*,*,*,*,*,*,*,Natural Gas Liquids,*,EJ
1,12,143,*,*,"[2010, 2020, 2030, 2040, 2050]",Reference,FlowIn,*,*,"['Chemicals33', 'AutoGen-Chemical']",*,*,*,*,*,*,*,Crude oil or Naptha,*,EJ
1,12,144,*,*,"[2010, 2020, 2030, 2040, 2050]",Reference,FlowIn,*,*,"['Chemicals33', 'AutoGen-Chemical']",*,*,*,*,*,*,*,Gas ,*,EJ
1,12,145,*,*,"[2010, 2020, 2030, 2040, 2050]",Reference,FlowIn,*,*,"['Chemicals33', 'AutoGen-Chemical']",*,*,*,*,*,*,*,"['Biowood', 'Biomass']",*,EJ
1,12,146,*,*,"[2010, 2020, 2030, 2040, 2050]",Reference,FlowIn,*,*,"['Chemicals33', 'AutoGen-Chemical']",*,*,*,*,*,*,*,Waste,*,EJ
1,12,147,*,*,"[2010, 2020, 2030, 2040, 2050]",Reference,FlowIn,*,*,"['Chemicals33', 'AutoGen-Chemical']",*,*,*,*,*,*,*,Hydrogen,*,EJ
1,12,148,*,*,"[2010, 2020, 2030, 2040, 2050]",Reference,FlowIn,*,*,"['Chemicals33', 'AutoGen-Chemical']",*,*,*,*,*,*,*,Electricity,*,EJ
1,12,149,*,*,"[2010, 2020, 2030, 2040, 2050]",Reference,FlowIn,*,*,"['Chemicals33', 'AutoGen-Chemical']",*,*,*,*,*,*,*,Others,*,EJ
1,12,150,,,,,,,,,,,,,,,,,,
1,12,151,,,,,,,,,,,,,,,,,,
1,12,152,"['ETCLEPFSI-E', 'ICPSCLE-E']",*,"[2010, 2020, 2030, 2040, 2050]",Reference,CO2,*,*,"['Chemicals33', 'AutoGen-Chemical']",*,*,*,1A Fuel Combustion Activities,,1A2c Chemicals,*,Coal,*,Mt
1,12,153,*,*,"[2010, 2020, 2030, 2040, 2050]",Reference,CO2,*,*,"['Chemicals33', 'AutoGen-Chemical']",*,*,*,1A Fuel Combustion Activities,*,1A2c Chemicals,*,Anthracite,*,Mt
1,12,154,*,*,"[2010, 2020, 2030, 2040, 2050]",Reference,CO2,*,*,"['Chemicals33', 'AutoGen-Chemical']",*,*,*,1A Fuel Combustion Activities,*,1A2c Chemicals,*,Lignite,*,Mt
1,12,155,*,*,"[2010, 2020, 2030, 2040, 2050]",Reference,CO2,*,*,"['Chemicals33', 'AutoGen-Chemical']",*,*,*,1A Fuel Combustion Activities,*,1A2c Chemicals,*,Coke ,*,Mt
1,12,156,*,*,"[2010, 2020, 2030, 2040, 2050]",Reference,CO2,*,*,"['Chemicals33', 'AutoGen-Chemical']",*,*,*,1A Fuel Combustion Activities,*,1A2c Chemicals,*,Petroleum coke,*,Mt
1,12,157,*,*,"[2010, 2020, 2030, 2040, 2050]",Reference,CO2,*,*,"['Chemicals33', 'AutoGen-Chemical']",*,*,*,1A Fuel Combustion Activities,*,1A2c Chemicals,*,Kerosene,*,Mt
1,12,158,*,*,"[2010, 2020, 2030, 2040, 2050]",Reference,CO2,*,*,"['Chemicals33', 'AutoGen-Chemical']",*,*,*,1A Fuel Combustion Activities,*,1A2c Chemicals,*,Diesel,*,Mt
1,12,159,ICPSOHF-E,*,"[2010, 2020, 2030, 2040, 2050]",Reference,CO2,*,*,"['Chemicals33', 'AutoGen-Chemical']",*,*,*,1A Fuel Combustion Activities,*,1A2c Chemicals,*,HFO,*,Mt
1,12,160,"['ICPSGAS-E', 'ETGASENSI-N']",*,"[2010, 2020, 2030, 2040, 2050]",Reference,CO2,*,*,"['Chemicals33', 'AutoGen-Chemical']",*,*,*,1A Fuel Combustion Activities,*,1A2c Chemicals,*,LPG,*,Mt
1,12,161,*,*,"[2010, 2020, 2030, 2040, 2050]",Reference,CO2,*,*,"['Chemicals33', 'AutoGen-Chemical']",*,*,*,1A Fuel Combustion Activities,*,1A2c Chemicals,*,Natural Gas Liquids,*,Mt
1,12,162,*,*,"[2010, 2020, 2030, 2040, 2050]",Reference,CO2,*,*,"['Chemicals33', 'AutoGen-Chemical']",*,*,*,1A Fuel Combustion Activities,*,1A2c Chemicals,*,Crude oil or Naptha,*,Mt
1,12,163,*,*,"[2010, 2020, 2030, 2040, 2050]",Reference,CO2,*,*,"['Chemicals33', 'AutoGen-Chemical']",*,*,*,1A Fuel Combustion Activities,*,1A2c Chemicals,*,Gas ,*,Mt
1,12,164,*,*,"[2010, 2020, 2030, 2040, 2050]",Reference,CO2,*,*,"['Chemicals33', 'AutoGen-Chemical']",*,*,*,1A Fuel Combustion Activities,*,1A2c Chemicals,*,"['Biowood', 'Biomass']",*,Mt
1,12,165,*,*,"[2010, 2020, 2030, 2040, 2050]",Reference,CO2,*,*,"['Chemicals33', 'AutoGen-Chemical']",*,*,*,1A Fuel Combustion Activities,*,1A2c Chemicals,*,Waste,*,Mt
1,12,166,*,*,"[2010, 2020, 2030, 2040, 2050]",Reference,CO2,*,*,"['Chemicals33', 'AutoGen-Chemical']",*,*,*,1A Fuel Combustion Activities,*,1A2c Chemicals,*,Hydrogen,*,Mt
1,12,167,*,*,"[2010, 2020, 2030, 2040, 2050]",Reference,CO2,*,*,"['Chemicals33', 'AutoGen-Chemical']",*,*,*,1A Fuel Combustion Activities,*,1A2c Chemicals,*,Electricity,*,Mt
1,12,168,*,*,"[2010, 2020, 2030, 2040, 2050]",Reference,CO2,*,*,"['Chemicals33', 'AutoGen-Chemical']",*,*,*,1A Fuel Combustion Activities,*,1A2c Chemicals,*,Others,*,Mt
1,12,169,,,,,,,,,,,,,,,,,,
1,12,170,,,,,,,,,,,,,,,,,,
1,12,171,,,,,,,,,,,,,,,,,,
1,12,172,,,,,,,,,,,,,,,,,,
1,12,173,*,*,"[2010, 2020, 2030, 2040, 2050]",Reference,FlowIn,*,*,Aluminium35220,*,*,*,*,*,*,*,Coal,*,EJ
1,12,174,*,*,"[2010, 2020, 2030, 2040, 2050]",Reference,FlowIn,*,*,Aluminium35220,*,*,*,*,*,*,*,Anthracite,*,EJ
1,12,175,*,*,"[2010, 2020, 2030, 2040, 2050]",Reference,FlowIn,*,*,Aluminium35220,*,*,*,*,*,*,*,Lignite,*,EJ
1,12,176,*,*,"[2010, 2020, 2030, 2040, 2050]",Reference,FlowIn,*,*,Aluminium35220,*,*,*,*,*,*,*,Coke ,*,EJ
1,12,177,*,*,"[2010, 2020, 2030, 2040, 2050]",Reference,FlowIn,*,*,Aluminium35220,*,*,*,*,*,*,*,Petroleum coke,*,EJ
1,12,178,*,*,"[2010, 2020, 2030, 2040, 2050]",Reference,FlowIn,*,*,Aluminium35220,*,*,*,*,*,*,*,Kerosene,*,EJ
1,12,179,*,*,"[2010, 2020, 2030, 2040, 2050]",Reference,FlowIn,*,*,Aluminium35220,*,*,*,*,*,*,*,Diesel,*,EJ
1,12,180,*,*,"[2010, 2020, 2030, 2040, 2050]",Reference,FlowIn,*,*,Aluminium35220,*,*,*,*,*,*,*,HFO,*,EJ
1,12,181,*,*,"[2010, 2020, 2030, 2040, 2050]",Reference,FlowIn,*,*,Aluminium35220,*,*,*,*,*,*,*,LPG,*,EJ
1,12,182,*,*,"[2010, 2020, 2030, 2040, 2050]",Reference,FlowIn,*,*,Aluminium35220,*,*,*,*,*,*,*,Natural Gas Liquids,*,EJ
1,12,183,*,*,"[2010, 2020, 2030, 2040, 2050]",Reference,FlowIn,*,*,Aluminium35220,*,*,*,*,*,*,*,Crude oil or Naptha,*,EJ
1,12,184,*,*,"[2010, 2020, 2030, 2040, 2050]",Reference,FlowIn,*,*,Aluminium35220,*,*,*,*,*,*,*,Gas ,*,EJ
1,12,185,*,*,"[2010, 2020, 2030, 2040, 2050]",Reference,FlowIn,*,*,Aluminium35220,*,*,*,*,*,*,*,"['Biowood', 'Biomass']",*,EJ
1,12,186,*,*,"[2010, 2020, 2030, 2040, 2050]",Reference,FlowIn,*,*,Aluminium35220,*,*,*,*,*,*,*,Waste,*,EJ
1,12,187,*,*,"[2010, 2020, 2030, 2040, 2050]",Reference,FlowIn,*,*,Aluminium35220,*,*,*,*,*,*,*,Hydrogen,*,EJ
1,12,188,*,*,"[2010, 2020, 2030, 2040, 2050]",Reference,FlowIn,*,*,Aluminium35220,*,*,*,*,*,*,*,Electricity,*,EJ
1,12,189,*,*,"[2010, 2020, 2030, 2040, 2050]",Reference,FlowIn,*,*,Aluminium35220,*,*,*,*,*,*,*,Others,*,EJ
1,12,190,,,,,,,,,,,,,,,,,,
1,12,191,,,,,,,,,,,,,,,,,,
1,12,192,*,*,"[2010, 2020, 2030, 2040, 2050]",Reference,CO2,*,*,Aluminium35220,*,*,*,1A Fuel Combustion Activities,*,*,*,Coal,*,Mt
1,12,193,*,*,"[2010, 2020, 2030, 2040, 2050]",Reference,CO2,*,*,Aluminium35220,*,*,*,1A Fuel Combustion Activities,*,*,*,Anthracite,*,Mt
1,12,194,*,*,"[2010, 2020, 2030, 2040, 2050]",Reference,CO2,*,*,Aluminium35220,*,*,*,1A Fuel Combustion Activities,*,*,*,Lignite,*,Mt
1,12,195,*,*,"[2010, 2020, 2030, 2040, 2050]",Reference,CO2,*,*,Aluminium35220,*,*,*,1A Fuel Combustion Activities,*,*,*,Coke ,*,Mt
1,12,196,*,*,"[2010, 2020, 2030, 2040, 2050]",Reference,CO2,*,*,Aluminium35220,*,*,*,1A Fuel Combustion Activities,*,*,*,Petroleum coke,*,Mt
1,12,197,*,*,"[2010, 2020, 2030, 2040, 2050]",Reference,CO2,*,*,Aluminium35220,*,*,*,1A Fuel Combustion Activities,*,*,*,Kerosene,*,Mt
1,12,198,*,*,"[2010, 2020, 2030, 2040, 2050]",Reference,CO2,*,*,Aluminium35220,*,*,*,1A Fuel Combustion Activities,*,*,*,Diesel,*,Mt
1,12,199,*,*,"[2010, 2020, 2030, 2040, 2050]",Reference,CO2,*,*,Aluminium35220,*,*,*,1A Fuel Combustion Activities,*,*,*,HFO,*,Mt
1,12,200,*,*,"[2010, 2020, 2030, 2040, 2050]",Reference,CO2,*,*,Aluminium35220,*,*,*,1A Fuel Combustion Activities,*,*,*,LPG,*,Mt
1,12,201,*,*,"[2010, 2020, 2030, 2040, 2050]",Reference,CO2,*,*,Aluminium35220,*,*,*,1A Fuel Combustion Activities,*,*,*,Natural Gas Liquids,*,Mt
1,12,202,*,*,"[2010, 2020, 2030, 2040, 2050]",Reference,CO2,*,*,Aluminium35220,*,*,*,1A Fuel Combustion Activities,*,*,*,Crude oil or Naptha,*,Mt
1,12,203,*,*,"[2010, 2020, 2030, 2040, 2050]",Reference,CO2,*,*,Aluminium35220,*,*,*,1A Fuel Combustion Activities,*,*,*,Gas ,*,Mt
1,12,204,*,*,"[2010, 2020, 2030, 2040, 2050]",Reference,CO2,*,*,Aluminium35220,*,*,*,1A Fuel Combustion Activities,*,*,*,"['Biowood', 'Biomass']",*,Mt
1,12,205,*,*,"[2010, 2020, 2030, 2040, 2050]",Reference,CO2,*,*,Aluminium35220,*,*,*,1A Fuel Combustion Activities,*,*,*,Waste,*,Mt
1,12,206,*,*,"[2010, 2020, 2030, 2040, 2050]",Reference,CO2,*,*,Aluminium35220,*,*,*,1A Fuel Combustion Activities,*,*,*,Hydrogen,*,Mt
1,12,207,*,*,"[2010, 2020, 2030, 2040, 2050]",Reference,CO2,*,*,Aluminium35220,*,*,*,1A Fuel Combustion Activities,*,*,*,Electricity,*,Mt
1,12,208,*,*,"[2010, 2020, 2030, 2040, 2050]",Reference,CO2,*,*,Aluminium35220,*,*,*,1A Fuel Combustion Activities,*,*,*,Others,*,Mt
1,12,209,,,,,,,,,,,,,,,,,,
1,12,210,,,,,,,,,,,,,,,,,,
1,12,211,,,,,,,,,,,,,,,,,,
1,12,212,,,,,,,,,,,,,,,,,,
1,12,213,*,*,"[2010, 2020, 2030, 2040, 2050]",Reference,FlowIn,*,*,"['NMMProducts34','FerroAlloys', 'Pulp_Paper323']","[Bricks', 'Glass', Lime', 'FerroChrome', ';FerroManganese', 'Other', 'Chemical Pulping', 'Dissolving Pulping', 'Boiler Plant', 'Paper Mill']",*,*,*,*,*,*,Coal,*,EJ
1,12,214,*,*,"[2010, 2020, 2030, 2040, 2050]",Reference,FlowIn,*,*,"['NMMProducts34','FerroAlloys', 'Pulp_Paper323']","[Bricks', 'Glass', Lime', 'FerroChrome', ';FerroManganese', 'Other', 'Chemical Pulping', 'Dissolving Pulping', 'Boiler Plant', 'Paper Mill']",*,*,*,*,*,*,Anthracite,*,EJ
1,12,215,*,*,"[2010, 2020, 2030, 2040, 2050]",Reference,FlowIn,*,*,"['NMMProducts34','FerroAlloys', 'Pulp_Paper323']","[Bricks', 'Glass', Lime', 'FerroChrome', ';FerroManganese', 'Other', 'Chemical Pulping', 'Dissolving Pulping', 'Boiler Plant', 'Paper Mill']",*,*,*,*,*,*,Lignite,*,EJ
1,12,216,*,*,"[2010, 2020, 2030, 2040, 2050]",Reference,FlowIn,*,*,"['NMMProducts34','FerroAlloys', 'Pulp_Paper323']","[Bricks', 'Glass', Lime', 'FerroChrome', ';FerroManganese', 'Other', 'Chemical Pulping', 'Dissolving Pulping', 'Boiler Plant', 'Paper Mill']",*,*,*,*,*,*,Coke ,*,EJ
1,12,217,*,*,"[2010, 2020, 2030, 2040, 2050]",Reference,FlowIn,*,*,"['NMMProducts34','FerroAlloys', 'Pulp_Paper323']","[Bricks', 'Glass', Lime', 'FerroChrome', ';FerroManganese', 'Other', 'Chemical Pulping', 'Dissolving Pulping', 'Boiler Plant', 'Paper Mill']",*,*,*,*,*,*,Petroleum coke,*,EJ
1,12,218,*,*,"[2010, 2020, 2030, 2040, 2050]",Reference,FlowIn,*,*,"['NMMProducts34','FerroAlloys', 'Pulp_Paper323']","[Bricks', 'Glass', Lime', 'FerroChrome', ';FerroManganese', 'Other', 'Chemical Pulping', 'Dissolving Pulping', 'Boiler Plant', 'Paper Mill']",*,*,*,*,*,*,Kerosene,*,EJ
1,12,219,*,*,"[2010, 2020, 2030, 2040, 2050]",Reference,FlowIn,*,*,"['NMMProducts34','FerroAlloys', 'Pulp_Paper323']","[Bricks', 'Glass', Lime', 'FerroChrome', ';FerroManganese', 'Other', 'Chemical Pulping', 'Dissolving Pulping', 'Boiler Plant', 'Paper Mill']",*,*,*,*,*,*,Diesel,*,EJ
1,12,220,*,*,"[2010, 2020, 2030, 2040, 2050]",Reference,FlowIn,*,*,"['NMMProducts34','FerroAlloys', 'Pulp_Paper323']","[Bricks', 'Glass', Lime', 'FerroChrome', ';FerroManganese', 'Other', 'Chemical Pulping', 'Dissolving Pulping', 'Boiler Plant', 'Paper Mill']",*,*,*,*,*,*,HFO,*,EJ
1,12,221,*,*,"[2010, 2020, 2030, 2040, 2050]",Reference,FlowIn,*,*,"['NMMProducts34','FerroAlloys', 'Pulp_Paper323']","[Bricks', 'Glass', Lime', 'FerroChrome', ';FerroManganese', 'Other', 'Chemical Pulping', 'Dissolving Pulping', 'Boiler Plant', 'Paper Mill']",*,*,*,*,*,*,LPG,*,EJ
1,12,222,*,*,"[2010, 2020, 2030, 2040, 2050]",Reference,FlowIn,*,*,"['NMMProducts34','FerroAlloys', 'Pulp_Paper323']","[Bricks', 'Glass', Lime', 'FerroChrome', ';FerroManganese', 'Other', 'Chemical Pulping', 'Dissolving Pulping', 'Boiler Plant', 'Paper Mill']",*,*,*,*,*,*,Natural Gas Liquids,*,EJ
1,12,223,*,*,"[2010, 2020, 2030, 2040, 2050]",Reference,FlowIn,*,*,"['NMMProducts34','FerroAlloys', 'Pulp_Paper323']","[Bricks', 'Glass', Lime', 'FerroChrome', ';FerroManganese', 'Other', 'Chemical Pulping', 'Dissolving Pulping', 'Boiler Plant', 'Paper Mill']",*,*,*,*,*,*,Crude oil or Naptha,*,EJ
1,12,224,*,*,"[2010, 2020, 2030, 2040, 2050]",Reference,FlowIn,*,*,"['NMMProducts34','FerroAlloys', 'Pulp_Paper323']","[Bricks', 'Glass', Lime', 'FerroChrome', ';FerroManganese', 'Other', 'Chemical Pulping', 'Dissolving Pulping', 'Boiler Plant', 'Paper Mill']",*,*,*,*,*,*,Gas ,*,EJ
1,12,225,*,*,"[2010, 2020, 2030, 2040, 2050]",Reference,FlowIn,*,*,"['NMMProducts34','FerroAlloys', 'Pulp_Paper323']","[Bricks', 'Glass', Lime', 'FerroChrome', ';FerroManganese', 'Other', 'Chemical Pulping', 'Dissolving Pulping', 'Boiler Plant', 'Paper Mill']",*,*,*,*,*,*,"['Biowood', 'Biomass']",*,EJ
1,12,226,*,*,"[2010, 2020, 2030, 2040, 2050]",Reference,FlowIn,*,*,"['NMMProducts34','FerroAlloys', 'Pulp_Paper323']","[Bricks', 'Glass', Lime', 'FerroChrome', ';FerroManganese', 'Other', 'Chemical Pulping', 'Dissolving Pulping', 'Boiler Plant', 'Paper Mill']",*,*,*,*,*,*,Waste,*,EJ
1,12,227,*,*,"[2010, 2020, 2030, 2040, 2050]",Reference,FlowIn,*,*,"['NMMProducts34','FerroAlloys', 'Pulp_Paper323']","[Bricks', 'Glass', Lime', 'FerroChrome', ';FerroManganese', 'Other', 'Chemical Pulping', 'Dissolving Pulping', 'Boiler Plant', 'Paper Mill']",*,*,*,*,*,*,Hydrogen,*,EJ
1,12,228,*,*,"[2010, 2020, 2030, 2040, 2050]",Reference,FlowIn,*,*,"['NMMProducts34','FerroAlloys', 'Pulp_Paper323']","[Bricks', 'Glass', Lime', 'FerroChrome', ';FerroManganese', 'Other', 'Chemical Pulping', 'Dissolving Pulping', 'Boiler Plant', 'Paper Mill']",*,*,*,*,*,*,Electricity,*,EJ
1,12,229,*,*,"[2010, 2020, 2030, 2040, 2050]",Reference,FlowIn,*,*,"['NMMProducts34','FerroAlloys', 'Pulp_Paper323']","[Bricks', 'Glass', Lime', 'FerroChrome', ';FerroManganese', 'Other', 'Chemical Pulping', 'Dissolving Pulping', 'Boiler Plant', 'Paper Mill']",*,*,*,*,*,*,Others,*,EJ
1,12,230,,,,,,,,,,,,,,,,,,
1,12,231,,,,,,,,,,,,,,,,,,
1,12,232,*,*,"[2010, 2020, 2030, 2040, 2050]",Reference,CO2,*,*,"['NMMProducts34','FerroAlloys', 'Pulp_Paper323']","[Bricks', 'Glass', Lime', 'FerroChrome', ';FerroManganese', 'Other', 'Chemical Pulping', 'Dissolving Pulping', 'Boiler Plant', 'Paper Mill']",*,*,1A Fuel Combustion Activities,*,*,*,Coal,*,EJ
1,12,233,*,*,"[2010, 2020, 2030, 2040, 2050]",Reference,CO2,*,*,"['NMMProducts34','FerroAlloys', 'Pulp_Paper323']","[Bricks', 'Glass', Lime', 'FerroChrome', ';FerroManganese', 'Other', 'Chemical Pulping', 'Dissolving Pulping', 'Boiler Plant', 'Paper Mill']",*,*,1A Fuel Combustion Activities,*,*,*,Anthracite,*,EJ
1,12,234,*,*,"[2010, 2020, 2030, 2040, 2050]",Reference,CO2,*,*,"['NMMProducts34','FerroAlloys', 'Pulp_Paper323']","[Bricks', 'Glass', Lime', 'FerroChrome', ';FerroManganese', 'Other', 'Chemical Pulping', 'Dissolving Pulping', 'Boiler Plant', 'Paper Mill']",*,*,1A Fuel Combustion Activities,*,*,*,Lignite,*,EJ
1,12,235,*,*,"[2010, 2020, 2030, 2040, 2050]",Reference,CO2,*,*,"['NMMProducts34','FerroAlloys', 'Pulp_Paper323']","[Bricks', 'Glass', Lime', 'FerroChrome', ';FerroManganese', 'Other', 'Chemical Pulping', 'Dissolving Pulping', 'Boiler Plant', 'Paper Mill']",*,*,1A Fuel Combustion Activities,*,*,*,Coke ,*,EJ
1,12,236,*,*,"[2010, 2020, 2030, 2040, 2050]",Reference,CO2,*,*,"['NMMProducts34','FerroAlloys', 'Pulp_Paper323']","[Bricks', 'Glass', Lime', 'FerroChrome', ';FerroManganese', 'Other', 'Chemical Pulping', 'Dissolving Pulping', 'Boiler Plant', 'Paper Mill']",*,*,1A Fuel Combustion Activities,*,*,*,Petroleum coke,*,EJ
1,12,237,*,*,"[2010, 2020, 2030, 2040, 2050]",Reference,CO2,*,*,"['NMMProducts34','FerroAlloys', 'Pulp_Paper323']","[Bricks', 'Glass', Lime', 'FerroChrome', ';FerroManganese', 'Other', 'Chemical Pulping', 'Dissolving Pulping', 'Boiler Plant', 'Paper Mill']",*,*,1A Fuel Combustion Activities,*,*,*,Kerosene,*,EJ
1,12,238,*,*,"[2010, 2020, 2030, 2040, 2050]",Reference,CO2,*,*,"['NMMProducts34','FerroAlloys', 'Pulp_Paper323']","[Bricks', 'Glass', Lime', 'FerroChrome', ';FerroManganese', 'Other', 'Chemical Pulping', 'Dissolving Pulping', 'Boiler Plant', 'Paper Mill']",*,*,1A Fuel Combustion Activities,*,*,*,Diesel,*,EJ
1,12,239,*,*,"[2010, 2020, 2030, 2040, 2050]",Reference,CO2,*,*,"['NMMProducts34','FerroAlloys', 'Pulp_Paper323']","[Bricks', 'Glass', Lime', 'FerroChrome', ';FerroManganese', 'Other', 'Chemical Pulping', 'Dissolving Pulping', 'Boiler Plant', 'Paper Mill']",*,*,1A Fuel Combustion Activities,*,*,*,HFO,*,EJ
1,12,240,*,*,"[2010, 2020, 2030, 2040, 2050]",Reference,CO2,*,*,"['NMMProducts34','FerroAlloys', 'Pulp_Paper323']","[Bricks', 'Glass', Lime', 'FerroChrome', ';FerroManganese', 'Other', 'Chemical Pulping', 'Dissolving Pulping', 'Boiler Plant', 'Paper Mill']",*,*,1A Fuel Combustion Activities,*,*,*,LPG,*,EJ
1,12,241,*,*,"[2010, 2020, 2030, 2040, 2050]",Reference,CO2,*,*,"['NMMProducts34','FerroAlloys', 'Pulp_Paper323']","[Bricks', 'Glass', Lime', 'FerroChrome', ';FerroManganese', 'Other', 'Chemical Pulping', 'Dissolving Pulping', 'Boiler Plant', 'Paper Mill']",*,*,1A Fuel Combustion Activities,*,*,*,Natural Gas Liquids,*,EJ
1,12,242,*,*,"[2010, 2020, 2030, 2040, 2050]",Reference,CO2,*,*,"['NMMProducts34','FerroAlloys', 'Pulp_Paper323']","[Bricks', 'Glass', Lime', 'FerroChrome', ';FerroManganese', 'Other', 'Chemical Pulping', 'Dissolving Pulping', 'Boiler Plant', 'Paper Mill']",*,*,1A Fuel Combustion Activities,*,*,*,Crude oil or Naptha,*,EJ
1,12,243,*,*,"[2010, 2020, 2030, 2040, 2050]",Reference,CO2,*,*,"['NMMProducts34','FerroAlloys', 'Pulp_Paper323']","[Bricks', 'Glass', Lime', 'FerroChrome', ';FerroManganese', 'Other', 'Chemical Pulping', 'Dissolving Pulping', 'Boiler Plant', 'Paper Mill']",*,*,1A Fuel Combustion Activities,*,*,*,Gas ,*,EJ
1,12,244,*,*,"[2010, 2020, 2030, 2040, 2050]",Reference,CO2,*,*,"['NMMProducts34','FerroAlloys', 'Pulp_Paper323']","[Bricks', 'Glass', Lime', 'FerroChrome', ';FerroManganese', 'Other', 'Chemical Pulping', 'Dissolving Pulping', 'Boiler Plant', 'Paper Mill']",*,*,1A Fuel Combustion Activities,*,*,*,"['Biowood', 'Biomass']",*,EJ
1,12,245,*,*,"[2010, 2020, 2030, 2040, 2050]",Reference,CO2,*,*,"['NMMProducts34','FerroAlloys', 'Pulp_Paper323']","[Bricks', 'Glass', Lime', 'FerroChrome', ';FerroManganese', 'Other', 'Chemical Pulping', 'Dissolving Pulping', 'Boiler Plant', 'Paper Mill']",*,*,1A Fuel Combustion Activities,*,*,*,Waste,*,EJ
1,12,246,*,*,"[2010, 2020, 2030, 2040, 2050]",Reference,CO2,*,*,"['NMMProducts34','FerroAlloys', 'Pulp_Paper323']","[Bricks', 'Glass', Lime', 'FerroChrome', ';FerroManganese', 'Other', 'Chemical Pulping', 'Dissolving Pulping', 'Boiler Plant', 'Paper Mill']",*,*,1A Fuel Combustion Activities,*,*,*,Hydrogen,*,EJ
1,12,247,*,*,"[2010, 2020, 2030, 2040, 2050]",Reference,CO2,*,*,"['NMMProducts34','FerroAlloys', 'Pulp_Paper323']","[Bricks', 'Glass', Lime', 'FerroChrome', ';FerroManganese', 'Other', 'Chemical Pulping', 'Dissolving Pulping', 'Boiler Plant', 'Paper Mill']",*,*,1A Fuel Combustion Activities,*,*,*,Electricity,*,EJ
1,12,248,*,*,"[2010, 2020, 2030, 2040, 2050]",Reference,CO2,*,*,"['NMMProducts34','FerroAlloys', 'Pulp_Paper323']","[Bricks', 'Glass', Lime', 'FerroChrome', ';FerroManganese', 'Other', 'Chemical Pulping', 'Dissolving Pulping', 'Boiler Plant', 'Paper Mill']",*,*,1A Fuel Combustion Activities,*,*,*,Others,*,EJ
1,12,249,,,,,,,,,,,,,,,,,,
1,12,250,,,,,,,,,,,,,,,,,,
1,12,251,,,,,,,,,,,,,,,,,,
1,12,252,,,,,,,,,,,,,,,,,,
1,12,253,*,*,"[2010, 2020, 2030, 2040, 2050]",Reference,FlowIn,*,*,"['Chemicals33', 'AutoGen-Chemical', 'Iron_Steel351', 'NMMProducts34','FerroAlloys', 'Pulp_Paper323', 'Aluminium35220']",*,*,*,*,*,*,*,Coal,*,Mt
1,12,254,*,*,"[2010, 2020, 2030, 2040, 2050]",Reference,FlowIn,*,*,"['Chemicals33', 'AutoGen-Chemical', 'Iron_Steel351', 'NMMProducts34','FerroAlloys', 'Pulp_Paper323', 'Aluminium35220']",*,*,*,*,*,*,*,Anthracite,*,Mt
1,12,255,*,*,"[2010, 2020, 2030, 2040, 2050]",Reference,FlowIn,*,*,"['Chemicals33', 'AutoGen-Chemical', 'Iron_Steel351', 'NMMProducts34','FerroAlloys', 'Pulp_Paper323', 'Aluminium35220']",*,*,*,*,*,*,*,Lignite,*,Mt
1,12,256,*,*,"[2010, 2020, 2030, 2040, 2050]",Reference,FlowIn,*,*,"['Chemicals33', 'AutoGen-Chemical', 'Iron_Steel351', 'NMMProducts34','FerroAlloys', 'Pulp_Paper323', 'Aluminium35220']",*,*,*,*,*,*,*,Coke ,*,Mt
1,12,257,*,*,"[2010, 2020, 2030, 2040, 2050]",Reference,FlowIn,*,*,"['Chemicals33', 'AutoGen-Chemical', 'Iron_Steel351', 'NMMProducts34','FerroAlloys', 'Pulp_Paper323', 'Aluminium35220']",*,*,*,*,*,*,*,Petroleum coke,*,Mt
1,12,258,*,*,"[2010, 2020, 2030, 2040, 2050]",Reference,FlowIn,*,*,"['Chemicals33', 'AutoGen-Chemical', 'Iron_Steel351', 'NMMProducts34','FerroAlloys', 'Pulp_Paper323', 'Aluminium35220']",*,*,*,*,*,*,*,Kerosene,*,Mt
1,12,259,*,*,"[2010, 2020, 2030, 2040, 2050]",Reference,FlowIn,*,*,"['Chemicals33', 'AutoGen-Chemical', 'Iron_Steel351', 'NMMProducts34','FerroAlloys', 'Pulp_Paper323', 'Aluminium35220']",*,*,*,*,*,*,*,Diesel,*,Mt
1,12,260,*,*,"[2010, 2020, 2030, 2040, 2050]",Reference,FlowIn,*,*,"['Chemicals33', 'AutoGen-Chemical', 'Iron_Steel351', 'NMMProducts34','FerroAlloys', 'Pulp_Paper323', 'Aluminium35220']",*,*,*,*,*,*,*,HFO,*,Mt
1,12,261,*,*,"[2010, 2020, 2030, 2040, 2050]",Reference,FlowIn,*,*,"['Chemicals33', 'AutoGen-Chemical', 'Iron_Steel351', 'NMMProducts34','FerroAlloys', 'Pulp_Paper323', 'Aluminium35220']",*,*,*,*,*,*,*,LPG,*,Mt
1,12,262,*,*,"[2010, 2020, 2030, 2040, 2050]",Reference,FlowIn,*,*,"['Chemicals33', 'AutoGen-Chemical', 'Iron_Steel351', 'NMMProducts34','FerroAlloys', 'Pulp_Paper323', 'Aluminium35220']",*,*,*,*,*,*,*,Natural Gas Liquids,*,Mt
1,12,263,*,*,"[2010, 2020, 2030, 2040, 2050]",Reference,FlowIn,*,*,"['Chemicals33', 'AutoGen-Chemical', 'Iron_Steel351', 'NMMProducts34','FerroAlloys', 'Pulp_Paper323', 'Aluminium35220']",*,*,*,*,*,*,*,Crude oil or Naptha,*,Mt
1,12,264,*,*,"[2010, 2020, 2030, 2040, 2050]",Reference,FlowIn,*,*,"['Chemicals33', 'AutoGen-Chemical', 'Iron_Steel351', 'NMMProducts34','FerroAlloys', 'Pulp_Paper323', 'Aluminium35220']",*,*,*,*,*,*,*,Gas ,*,Mt
1,12,265,*,*,"[2010, 2020, 2030, 2040, 2050]",Reference,FlowIn,*,*,"['Chemicals33', 'AutoGen-Chemical', 'Iron_Steel351', 'NMMProducts34','FerroAlloys', 'Pulp_Paper323', 'Aluminium35220']",*,*,*,*,*,*,*,"['Biowood', 'Biomass']",*,Mt
1,12,266,*,*,"[2010, 2020, 2030, 2040, 2050]",Reference,FlowIn,*,*,"['Chemicals33', 'AutoGen-Chemical', 'Iron_Steel351', 'NMMProducts34','FerroAlloys', 'Pulp_Paper323', 'Aluminium35220']",*,*,*,*,*,*,*,Waste,*,Mt
1,12,267,*,*,"[2010, 2020, 2030, 2040, 2050]",Reference,FlowIn,*,*,"['Chemicals33', 'AutoGen-Chemical', 'Iron_Steel351', 'NMMProducts34','FerroAlloys', 'Pulp_Paper323', 'Aluminium35220']",*,*,*,*,*,*,*,Hydrogen,*,Mt
1,12,268,*,*,"[2010, 2020, 2030, 2040, 2050]",Reference,FlowIn,*,*,"['Chemicals33', 'AutoGen-Chemical', 'Iron_Steel351', 'NMMProducts34','FerroAlloys', 'Pulp_Paper323', 'Aluminium35220']",*,*,*,*,*,*,*,Electricity,*,Mt
1,12,269,*,*,"[2010, 2020, 2030, 2040, 2050]",Reference,FlowIn,*,*,"['Chemicals33', 'AutoGen-Chemical', 'Iron_Steel351', 'NMMProducts34','FerroAlloys', 'Pulp_Paper323', 'Aluminium35220']",*,*,*,*,*,*,*,Others,*,Mt
1,12,270,,,,,,,,,,,,,,,,,,
1,12,271,,,,,,,,,,,,,,,,,,
1,12,272,*,*,"[2010, 2020, 2030, 2040, 2050]",Reference,FlowIn,*,*,Iron_Steel351,*,*,*,*,*,*,*,"['Aviation Gasoline', 'Biogas', 'Biowood', 'Coal', 'Electricity', 'Gas', 'Gasoline', 'HFO', 'Hydrogen', 'Kerosene', 'LPG'] ",*,EJ
1,12,273,*,*,"[2010, 2020, 2030, 2040, 2050]",Reference,FlowIn,*,*,*,Cement,*,*,*,*,*,*,"['Aviation Gasoline', 'Biogas', 'Biowood', 'Coal', 'Electricity', 'Gas', 'Gasoline', 'HFO', 'Hydrogen', 'Kerosene', 'LPG'] ",*,EJ
1,12,274,*,*,"[2010, 2020, 2030, 2040, 2050]",Reference,FlowIn,*,*,"['Chemicals33', 'AutoGen-Chemical']",*,*,*,*,*,*,*,"['Aviation Gasoline', 'Biogas', 'Biowood', 'Coal', 'Electricity', 'Gas', 'Gasoline', 'HFO', 'Hydrogen', 'Kerosene', 'LPG'] ",*,EJ
1,12,275,*,*,"[2010, 2020, 2030, 2040, 2050]",Reference,FlowIn,*,*,Aluminium35220,*,*,*,*,*,*,*,"['Aviation Gasoline', 'Biogas', 'Biowood', 'Coal', 'Electricity', 'Gas', 'Gasoline', 'HFO', 'Hydrogen', 'Kerosene', 'LPG'] ",*,EJ
1,12,276,*,*,"[2010, 2020, 2030, 2040, 2050]",Reference,FlowIn,*,*,"['NMMProducts34','FerroAlloys', 'Pulp_Paper323']","[Bricks', 'Glass', Lime', 'FerroChrome', ';FerroManganese', 'Other', 'Chemical Pulping', 'Dissolving Pulping', 'Boiler Plant', 'Paper Mill']",*,*,*,*,*,*,"['Aviation Gasoline', 'Biogas', 'Biowood', 'Coal', 'Electricity', 'Gas', 'Gasoline', 'HFO', 'Hydrogen', 'Kerosene', 'LPG'] ",*,EJ
1,12,277,,,,,,,,,,,,,,,,,,
1,12,278,,,,,,,,,,,,,,,,,,
1,12,279,,,,,,,,,,,,,,,,,,
1,12,280,,,,,,,,,,,,,,,,,,
1,12,281,,,,,,,,,,,,,,,,,,
1,12,282,,,,,,,,,,,,,,,,,,
1,12,283,,,,,,,,,,,,,,,,,,
1,12,284,,,,,,,,,,,,,,,,,,
1,12,285,,,,,,,,,,,,,,,,,,
1,12,286,,,,,,,,,,,,,,,,,,
1,12,287,,,,,,,,,,,,,,,,,,
1,12,288,,,,,,,,,,,,,,,,,,
1,12,289,,,,,,,,,,,,,,,,,,
1,12,290,,,,,,,,,,,,,,,,,,
1,12,291,,,,,,,,,,,,,,,,,,
1,12,292,,,,,,,,,,,,,,,,,,
1,12,293,,,,,,,,,,,,,,,,,,
1,12,294,,,,,,,,,,,,,,,,,,
1,12,295,,,,,,,,,,,,,,,,,,
1,12,296,,,,,,,,,,,,,,,,,,
1,12,297,,,,,,,,,,,,,,,,,,
1,12,298,*,*,"[2010, 2020, 2030, 2040, 2050]",Reference,CO2,*,*,*,*,*,*,*,*,2C1 Iron and Steel Production,*,*,*,Mt
1,12,299,*,*,"[2010, 2020, 2030, 2040, 2050]",Reference,CO2,*,*,*,*,*,*,*,*,2A1 Cement Production,*,*,*,Mt
1,12,300,*,*,"[2010, 2020, 2030, 2040, 2050]",Reference,CO2,*,*,"['Chemicals33', 'AutoGen-Chemical', 'Process Emissions']",*,*,*,"['2B Chemical Industry', '2D Non-energy products from fuels and solvents use', '2F Product uses as substitutes for ozone depleting substances']",*,*,*,*,*,Mt
1,12,301,*,*,"[2010, 2020, 2030, 2040, 2050]",Reference,CO2,*,*,Process Emissions,*,*,*,2C Metal Industry,2C3 Aluminium Production,*,*,*,*,Mt
1,12,302,*,*,"[2010, 2020, 2030, 2040, 2050]",Reference,CO2,*,*,"['NMMProducts34','FerroAlloys', 'Pulp_Paper323', 'Process Emissions']",*,*,2 Industrial Processes and Product Use,*,"['2C2 Ferroalloys production', '2A2 Lime Production', '2A3 Glass Production']",*,*,*,*,Mt
1,12,303,,,,,,,,,,,,,,,,,,
1,12,304,,,,,,,,,,,,,,,,,,
1,12,305,*,*,"[2010, 2020, 2030, 2040, 2050]",Reference,"['CH4', 'N2O', 'C2F6', 'CF4']",*,*,Iron_Steel351,*,*,,*,*,*,*,*,*,Mt
1,12,306,*,*,"[2010, 2020, 2030, 2040, 2050]",Reference,"['CH4', 'N2O', 'C2F6', 'CF4']",*,*,*,Cement,*,2 Industrial Processes and Product Use,*,*,*,*,*,*,Mt
1,12,307,*,*,"[2010, 2020, 2030, 2040, 2050]",Reference,"['CH4', 'N2O', 'C2F6', 'CF4']",*,*,"['Chemicals33', 'AutoGen-Chemical', 'Process Emissions']",*,*,2 Industrial Processes and Product Use,"['2B Chemical Industry', '2D Non-energy products from fuels and solvents use', '2F Product uses as substitutes for ozone depleting substances']",*,*,*,*,*,Mt
1,12,308,*,*,"[2010, 2020, 2030, 2040, 2050]",Reference,"['CH4', 'N2O', 'C2F6', 'CF4']",*,*,Process Emissions,*,*,*,2C Metal Industry,2C3 Aluminium Production,*,*,*,*,Mt
1,12,309,*,*,"[2010, 2020, 2030, 2040, 2050]",Reference,"['CH4', 'N2O', 'C2F6', 'CF4']",*,*,"['NMMProducts34','FerroAlloys', 'Pulp_Paper323', 'Process Emissions']",*,*,2 Industrial Processes and Product Use,*,"['2C2 Ferroalloys production', '2A2 Lime Production', '2A3 Glass Production']",*,*,*,*,Mt
1,12,310,*,*,,,,,,,,,,,,,,,,
1,12,311,*,*,,,,,,,,,,,,,,,,
1,12,312,*,*,"[2010, 2020, 2030, 2040, 2050]",Reference,CO2CAPT,*,*,Iron_Steel351,*,*,*,*,*,*,*,*,*,Mt
1,12,313,*,*,"[2010, 2020, 2030, 2040, 2050]",Reference,CO2CAPT,*,*,*,Cement,*,*,*,*,*,*,*,*,Mt
1,12,314,*,*,"[2010, 2020, 2030, 2040, 2050]",Reference,CO2CAPT,*,*,"['Chemicals33', 'AutoGen-Chemical']",*,*,*,*,*,*,*,*,*,Mt
1,12,315,*,*,"[2010, 2020, 2030, 2040, 2050]",Reference,CO2CAPT,*,*,Aluminium35220,*,*,*,*,*,*,*,*,*,Mt
1,12,316,*,*,"[2010, 2020, 2030, 2040, 2050]",Reference,CO2CAPT,*,*,"['NMMProducts34','FerroAlloys', 'Pulp_Paper323', 'Process Emissions']","['Bricks', 'Glass', 'Lime']",*,*,*,*,*,*,*,*,Mt
1,12,317,,,,,,,,,,,,,,,,,,
1,12,318,,,,,,,,,,,,,,,,,,
1,12,319,,,,,,,,,,,,,,,,,,
